0110222121221222221222222221212222221222222222222212011111111111111022112111211122111222121112211212112122212121122111121122112211120111111111111111111111111111111111111111111111111111111111111110
1001222020220222220222222220202222220222222222222202111110111101111122112111211122111222121112211212112122212121122111121122112211121111111110111111110111111110111111110111111110111111110111111111
1001222020220222220222222220202222220222222222222202111110111101111122112111211122111222121112211212112122212121122111121122112211121111111110111111110111111110111111110111111110111111110111111111
0110222121221222221222222221212222221222222222222212011111111111111022112111211122111222121112211212112122212121122111121122112211120111111111111111111111111111111111111111111111111111111111111110
2222222222222222222222222222222222222222222222222222222222222222222222222222222222222222222222222222222222222222222222222222222222222222222222222222222222222222222222222222222222222222222222222222
2222222222222222222222222222222222222222222222222222222222222222222222222222222222222222222222222222222222222222222222222222222222222222222222222222222222222222222222222222222222222222222222222222
2222222222222222222222222222222222222222222222222222222222222222222222222222222222222222222222222222222222222222222222222222222222222222222222222222222222222222222222222222222222222222222222222222
1001222020220222220222222220202222220222222222222202111110111101111122112111211122111222121112211212112122212121122111121122112211121111111110111111110111111110111111110111111110111111110111111111
2222222222222222222222222222222222222222222222222222222222222222222222222222222222222222222222222222222222222222222222222222222222222222222222222222222222222222222222222222222222222222222222222222
1001222020220222220222222220202222220222222222222202111110111101111122112111211122111222121112211212112122212121122111121122112211121111111110111111110111111110111111110111111110111111110111111111
2222222222222222222222222222222222222222222222222222222222222222222222222222222222222222222222222222222222222222222222222222222222222222222222222222222222222222222222222222222222222222222222222222
2222222222222222222222222222222222222222222222222222222222222222222222222222222222222222222222222222222222222222222222222222222222222222222222222222222222222222222222222222222222222222222222222222
1001222020220222220222222220202222220222222222222202111110111101111122112111211122111222121112211212112122212121122111121122112211121111111110111111110111111110111111110111111110111111110111111111
2222222222222222222222222222222222222222222222222222222222222222222222222222222222222222222222222222222222222222222222222222222222222222222222222222222222222222222222222222222222222222222222222222
2222222222222222222222222222222222222222222222222222222222222222222222222222222222222222222222222222222222222222222222222222222222222222222222222222222222222222222222222222222222222222222222222222
2222222222222222222222222222222222222222222222222222222222222222222222222222222222222222222222222222222222222222222222222222222222222222222222222222222222222222222222222222222222222222222222222222
2222222222222222222222222222222222222222222222222222222222222222222222222222222222222222222222222222222222222222222222222222222222222222222222222222222222222222222222222222222222222222222222222222
2222222222222222222222222222222222222222222222222222222222222222222222222222222222222222222222222222222222222222222222222222222222222222222222222222222222222222222222222222222222222222222222222222
1001222020220222220222222220202222220222222222222202111110111101111122112111211122111222121112211212112122212121122111121122112211121111111110111111110111111110111111110111111110111111110111111111
2222222222222222222222222222222222222222222222222222222222222222222222222222222222222222222222222222222222222222222222222222222222222222222222222222222222222222222222222222222222222222222222222222
2222222222222222222222222222222222222222222222222222222222222222222222222222222222222222222222222222222222222222222222222222222222222222222222222222222222222222222222222222222222222222222222222222
2222222222222222222222222222222222222222222222222222222222222222222222222222222222222222222222222222222222222222222222222222222222222222222222222222222222222222222222222222222222222222222222222222
2222222222222222222222222222222222222222222222222222222222222222222222222222222222222222222222222222222222222222222222222222222222222222222222222222222222222222222222222222222222222222222222222222
2222222222222222222222222222222222222222222222222222222222222222222222222222222222222222222222222222222222222222222222222222222222222222222222222222222222222222222222222222222222222222222222222222
2222222222222222222222222222222222222222222222222222222222222222222222222222222222222222222222222222222222222222222222222222222222222222222222222222222222222222222222222222222222222222222222222222
2222222222222222222222222222222222222222222222222222222222222222222222222222222222222222222222222222222222222222222222222222222222222222222222222222222222222222222222222222222222222222222222222222
2222222222222222222222222222222222222222222222222222222222222222222222222222222222222222222222222222222222222222222222222222222222222222222222222222222222222222222222222222222222222222222222222222
1001222020220222220222222220202222220222222222222202111110111101111122112111211122111222121112211212112122212121122111121122112211121111111110111111110111111110111111110111111110111111110111111111
2222222222222222222222222222222222222222222222222222222222222222222222222222222222222222222222222222222222222222222222222222222222222222222222222222222222222222222222222222222222222222222222222222
1001222020220222220222222220202222220222222222222202111110111101111122112111211122111222121112211212112122212121122111121122112211121111111110111111110111111110111111110111111110111111110111111111
2222222222222222222222222222222222222222222222222222222222222222222222222222222222222222222222222222222222222222222222222222222222222222222222222222222222222222222222222222222222222222222222222222
2222222222222222222222222222222222222222222222222222222222222222222222222222222222222222222222222222222222222222222222222222222222222222222222222222222222222222222222222222222222222222222222222222
2222222222222222222222222222222222222222222222222222222222222222222222222222222222222222222222222222222222222222222222222222222222222222222222222222222222222222222222222222222222222222222222222222
2222222222222222222222222222222222222222222222222222222222222222222222222222222222222222222222222222222222222222222222222222222222222222222222222222222222222222222222222222222222222222222222222222
2222222222222222222222222222222222222222222222222222222222222222222222222222222222222222222222222222222222222222222222222222222222222222222222222222222222222222222222222222222222222222222222222222
2222222222222222222222222222222222222222222222222222222222222222222222222222222222222222222222222222222222222222222222222222222222222222222222222222222222222222222222222222222222222222222222222222
1001222020220222220222222220202222220222222222222202111110111101111122112111211122111222121112211212112122212121122111121122112211121111111110111111110111111110111111110111111110111111110111111111
2222222222222222222222222222222222222222222222222222222222222222222222222222222222222222222222222222222222222222222222222222222222222222222222222222222222222222222222222222222222222222222222222222
2222222222222222222222222222222222222222222222222222222222222222222222222222222222222222222222222222222222222222222222222222222222222222222222222222222222222222222222222222222222222222222222222222
2222222222222222222222222222222222222222222222222222222222222222222222222222222222222222222222222222222222222222222222222222222222222222222222222222222222222222222222222222222222222222222222222222
2222222222222222222222222222222222222222222222222222222222222222222222222222222222222222222222222222222222222222222222222222222222222222222222222222222222222222222222222222222222222222222222222222
2222222222222222222222222222222222222222222222222222222222222222222222222222222222222222222222222222222222222222222222222222222222222222222222222222222222222222222222222222222222222222222222222222
2222222222222222222222222222222222222222222222222222222222222222222222222222222222222222222222222222222222222222222222222222222222222222222222222222222222222222222222222222222222222222222222222222
2222222222222222222222222222222222222222222222222222222222222222222222222222222222222222222222222222222222222222222222222222222222222222222222222222222222222222222222222222222222222222222222222222
2222222222222222222222222222222222222222222222222222222222222222222222222222222222222222222222222222222222222222222222222222222222222222222222222222222222222222222222222222222222222222222222222222
2222222222222222222222222222222222222222222222222222222222222222222222222222222222222222222222222222222222222222222222222222222222222222222222222222222222222222222222222222222222222222222222222222
2222222222222222222222222222222222222222222222222222222222222222222222222222222222222222222222222222222222222222222222222222222222222222222222222222222222222222222222222222222222222222222222222222
2222222222222222222222222222222222222222222222222222222222222222222222222222222222222222222222222222222222222222222222222222222222222222222222222222222222222222222222222222222222222222222222222222
2222222222222222222222222222222222222222222222222222222222222222222222222222222222222222222222222222222222222222222222222222222222222222222222222222222222222222222222222222222222222222222222222222
2222222222222222222222222222222222222222222222222222222222222222222222222222222222222222222222222222222222222222222222222222222222222222222222222222222222222222222222222222222222222222222222222222
1001222020220222220222222220202222220222222222222202111110111101111122112111211122111222121112211212112122212121122111121122112211121111111110111111110111111110111111110111111110111111110111111111
2222222222222222222222222222222222222222222222222222222222222222222222222222222222222222222222222222222222222222222222222222222222222222222222222222222222222222222222222222222222222222222222222222
0110222121221222221222222221212222221222222222222212011111111111111022112111211122111222121112211212112122212121122111121122112211120111111111111111111111111111111111111111111111111111111111111110
1111222121221222221222222221212222221222222222222212101101111110110122112111211122111222121112211212112122212121122111121122112211121111111111111111111111111111111111111111111111111111111111111111
1111222121221222221222222221212222221222222222222212110111100111101122112111211122111222121112211212112122212121122111121122112211121111111111111111111111111111111111111111111111111111111111111111
1111222121221222221222222221212222221222222222222212111011111111011122112111211122111222121112211212112122212121122111121122112211121111111111111111111111111111111111111111111111111111111111111111
1111222121221222221222222221212222221222222222222212101101111110110122112111211122111222121112211212112122212121122111121122112211121111111111111111111111111111111111111111111111111111111111111111
1001222020220222220222222220202222220222222222222202111110111101111122112111211122111222121112211212112122212121122111121122112211121111111110111111110111111110111111110111111110111111110111111111
1111222121221222221222222221212222221222222222222212111111011011111122112111211122111222121112211212112122212121122111121122112211121111111111111111111111111111111111111111111111111111111111111111
1111222121221222221222222221212222221222222222222212110111100111101122112111211122111222121112211212112122212121122111121122112211121111111111111111111111111111111111111111111111111111111111111111
1111222121221222221222222221212222221222222222222212110111100111101122112111211122111222121112211212112122212121122111121122112211121111111111111111111111111111111111111111111111111111111111111111
1111222121221222221222222221212222221222222222222212111111011011111122112111211122111222121112211212112122212121122111121122112211121111111111111111111111111111111111111111111111111111111111111111
1001222020220222220222222220202222220222222222222202111110111101111122112111211122111222121112211212112122212121122111121122112211121111111110111111110111111110111111110111111110111111110111111111
1111222121221222221222222221212222221222222222222212101101111110110122112111211122111222121112211212112122212121122111121122112211121111111111111111111111111111111111111111111111111111111111111111
1111222121221222221222222221212222221222222222222212111011111111011122112111211122111222121112211212112122212121122111121122112211121111111111111111111111111111111111111111111111111111111111111111
1111222121221222221222222221212222221222222222222212110111100111101122112111211122111222121112211212112122212121122111121122112211121111111111111111111111111111111111111111111111111111111111111111
1111222121221222221222222221212222221222222222222212101101111110110122112111211122111222121112211212112122212121122111121122112211121111111111111111111111111111111111111111111111111111111111111111
0110222121221222221222222221212222221222222222222212011111111111111022112111211122111222121112211212112122212121122111121122112211120111111111111111111111111111111111111111111111111111111111111110
2222222222222222222222222222222222222222222222222222222222222222222222222222222222222222222222222222222222222222222222222222222222222222222222222222222222222222222222222222222222222222222222222222
2222222222222222222222222222222222222222222222222222222222222222222222222222222222222222222222222222222222222222222222222222222222222222222222222222222222222222222222222222222222222222222222222222
1111222121221222221222222221212222221222222222222212111111111111111122012111211122111222121102211212112122212121122011121022112211121111111111111111111111111111111111111111111111111111111111111111
1111222121221222221222222221212222221222222222222212111111111111111122102111211122111222121112210212112122212120122111120122112211121111111111111111111111111111111111111111111111111111111111111111
2222222222222222222222222222222222222222222222222222222222222222222222222222222222222222222222222222222222222222222222222222222222222222222222222222222222222222222222222222222222222222222222222222
1111222121221222221222222221212222221222222222222212111111111111111122112011211122111222121112201212112122212121022111021122112211121111111111111111111111111111111111111111111111111111111111111111
1111222121221222221222222221212222221222222222222212111111111111111122112101211122101222121112211212112122212121122110121122012211121111111111111111111111111111111111111111111111111111111111111111
1111222121221222221222222221212222221222222222222212111111111111111122112110211022111222121112211212112122212121122101121122112201121111111111111111111111111111111111111111111111111111111111111111
2222222222222222222222222222222222222222222222222222222222222222222222222222222222222222222222222222222222222222222222222222222222222222222222222222222222222222222222222222222222222222222222222222
1111222121221222221222222221212222221222222222222212111111111111111122112111201122110222121112211212112122202121122111121122112211021111111111111111111111111111111111111111111111111111111111111111
1111222121221222221222222221212222221222222222222212111111111111111122112111210122111222121012211212012122212121122111121122112210121111111111111111111111111111111111111111111111111111111111111111
1111222121221222221222222221212222221222222222222212111111111111111122112110211022111222121112211212112122212121122101121122112201121111111111111111111111111111111111111111111111111111111111111111
2222222222222222222222222222222222222222222222222222222222222222222222222222222222222222222222222222222222222222222222222222222222222222222222222222222222222222222222222222222222222222222222222222
2222222222222222222222222222222222222222222222222222222222222222222222222222222222222222222222222222222222222222222222222222222222222222222222222222222222222222222222222222222222222222222222222222
1111222121221222221222222221212222221222222222222212111111111111111122112111211122011222120112211212102122212121122111121122102211121111111111111111111111111111111111111111111111111111111111111111
1111222121221222221222222221212222221222222222222212111111111111111122112101211122101222121112211212112122212121122110121122012211121111111111111111111111111111111111111111111111111111111111111111
1111222121221222221222222221212222221222222222222212111111111111111122112111201122110222121112211212112122202121122111121122112211021111111111111111111111111111111111111111111111111111111111111111
2222222222222222222222222222222222222222222222222222222222222222222222222222222222222222222222222222222222222222222222222222222222222222222222222222222222222222222222222222222222222222222222222222
2222222222222222222222222222222222222222222222222222222222222222222222222222222222222222222222222222222222222222222222222222222222222222222222222222222222222222222222222222222222222222222222222222
2222222222222222222222222222222222222222222222222222222222222222222222222222222222222222222222222222222222222222222222222222222222222222222222222222222222222222222222222222222222222222222222222222
1111222121221222221222222221212222221222222222222212111111111111111122112111211122111222021112211202112022212021122111121122112211121111111111111111111111111111111111111111111111111111111111111111
2222222222222222222222222222222222222222222222222222222222222222222222222222222222222222222222222222222222222222222222222222222222222222222222222222222222222222222222222222222222222222222222222222
1111222121221222221222222221212222221222222222222212111111111111111122112111211122011222120112211212102122212121122111121122102211121111111111111111111111111111111111111111111111111111111111111111
1111222121221222221222222221212222221222222222222212111111111111111122112111210122111222121012211212012122212121122111121122112210121111111111111111111111111111111111111111111111111111111111111111
1111222121221222221222222221212222221222222222222212111111111111111122012111211122111222121102211212112122212121122011121022112211121111111111111111111111111111111111111111111111111111111111111111
2222222222222222222222222222222222222222222222222222222222222222222222222222222222222222222222222222222222222222222222222222222222222222222222222222222222222222222222222222222222222222222222222222
2222222222222222222222222222222222222222222222222222222222222222222222222222222222222222222222222222222222222222222222222222222222222222222222222222222222222222222222222222222222222222222222222222
1111222121221222221222222221212222221222222222222212111111111111111122112011211122111222121112201212112122212121022111021122112211121111111111111111111111111111111111111111111111111111111111111111
1111222121221222221222222221212222221222222222222212111111111111111122102111211122111222121112210212112122212120122111120122112211121111111111111111111111111111111111111111111111111111111111111111
2222222222222222222222222222222222222222222222222222222222222222222222222222222222222222222222222222222222222222222222222222222222222222222222222222222222222222222222222222222222222222222222222222
1111222121221222221222222221212222221222222222222212111111111111111122112111211122111222021112211202112022212021122111121122112211121111111111111111111111111111111111111111111111111111111111111111
2222222222222222222222222222222222222222222222222222222222222222222222222222222222222222222222222222222222222222222222222222222222222222222222222222222222222222222222222222222222222222222222222222
1111222121221222221222222221212222221222222222222212111111111111111122112111210122111222121012211212012122212121122111121122112210121111111111111111111111111111111111111111111111111111111111111111
1111222121221222221222222221212222221222222222222212111111111111111122112111211122011222120112211212102122212121122111121122102211121111111111111111111111111111111111111111111111111111111111111111
2222222222222222222222222222222222222222222222222222222222222222222222222222222222222222222222222222222222222222222222222222222222222222222222222222222222222222222222222222222222222222222222222222
1111222121221222221222222221212222221222222222222212111111111111111122112111211122111222021112211202112022212021122111121122112211121111111111111111111111111111111111111111111111111111111111111111
2222222222222222222222222222222222222222222222222222222222222222222222222222222222222222222222222222222222222222222222222222222222222222222222222222222222222222222222222222222222222222222222222222
2222222222222222222222222222222222222222222222222222222222222222222222222222222222222222222222222222222222222222222222222222222222222222222222222222222222222222222222222222222222222222222222222222
2222222222222222222222222222222222222222222222222222222222222222222222222222222222222222222222222222222222222222222222222222222222222222222222222222222222222222222222222222222222222222222222222222
1111222121221222221222222221212222221222222222222212111111111111111122112111201122110222121112211212112122202121122111121122112211021111111111111111111111111111111111111111111111111111111111111111
2222222222222222222222222222222222222222222222222222222222222222222222222222222222222222222222222222222222222222222222222222222222222222222222222222222222222222222222222222222222222222222222222222
1111222121221222221222222221212222221222222222222212111111111111111122112111211122111222021112211202112022212021122111121122112211121111111111111111111111111111111111111111111111111111111111111111
2222222222222222222222222222222222222222222222222222222222222222222222222222222222222222222222222222222222222222222222222222222222222222222222222222222222222222222222222222222222222222222222222222
1111222121221222221222222221212222221222222222222212111111111111111122102111211122111222121112210212112122212120122111120122112211121111111111111111111111111111111111111111111111111111111111111111
1111222121221222221222222221212222221222222222222212111111111111111122112011211122111222121112201212112122212121022111021122112211121111111111111111111111111111111111111111111111111111111111111111
2222222222222222222222222222222222222222222222222222222222222222222222222222222222222222222222222222222222222222222222222222222222222222222222222222222222222222222222222222222222222222222222222222
2222222222222222222222222222222222222222222222222222222222222222222222222222222222222222222222222222222222222222222222222222222222222222222222222222222222222222222222222222222222222222222222222222
1111222121221222221222222221212222221222222222222212111111111111111122012111211122111222121102211212112122212121122011121022112211121111111111111111111111111111111111111111111111111111111111111111
1111222121221222221222222221212222221222222222222212111111111111111122112110211022111222121112211212112122212121122101121122112201121111111111111111111111111111111111111111111111111111111111111111
1111222121221222221222222221212222221222222222222212111111111111111122112101211122101222121112211212112122212121122110121122012211121111111111111111111111111111111111111111111111111111111111111111
1111222121221222221222222221212222221222222222222212111111111111111122112011211122111222121112201212112122212121022111021122112211121111111111111111111111111111111111111111111111111111111111111111
2222222222222222222222222222222222222222222222222222222222222222222222222222222222222222222222222222222222222222222222222222222222222222222222222222222222222222222222222222222222222222222222222222
1111222121221222221222222221212222221222222222222212111111111111111122102111211122111222121112210212112122212120122111120122112211121111111111111111111111111111111111111111111111111111111111111111
1111222121221222221222222221212222221222222222222212111111111111111122012111211122111222121102211212112122212121122011121022112211121111111111111111111111111111111111111111111111111111111111111111
2222222222222222222222222222222222222222222222222222222222222222222222222222222222222222222222222222222222222222222222222222222222222222222222222222222222222222222222222222222222222222222222222222
2222222222222222222222222222222222222222222222222222222222222222222222222222222222222222222222222222222222222222222222222222222222222222222222222222222222222222222222222222222222222222222222222222
1111222121221222221222222221212222221222222222222212111111111111111122112101211122101222121112211212112122212121122110121122012211121111111111111111111111111111111111111111111111111111111111111111
1111222121221222221222222221212222221222222222222212111111111111111122112111211122011222120112211212102122212121122111121122102211121111111111111111111111111111111111111111111111111111111111111111
2222222222222222222222222222222222222222222222222222222222222222222222222222222222222222222222222222222222222222222222222222222222222222222222222222222222222222222222222222222222222222222222222222
2222222222222222222222222222222222222222222222222222222222222222222222222222222222222222222222222222222222222222222222222222222222222222222222222222222222222222222222222222222222222222222222222222
1111222121221222221222222221212222221222222222222212111111111111111122112110211022111222121112211212112122212121122101121122112201121111111111111111111111111111111111111111111111111111111111111111
1111222121221222221222222221212222221222222222222212111111111111111122112111210122111222121012211212012122212121122111121122112210121111111111111111111111111111111111111111111111111111111111111111
1111222121221222221222222221212222221222222222222212111111111111111122112111201122110222121112211212112122202121122111121122112211021111111111111111111111111111111111111111111111111111111111111111
2222222222222222222222222222222222222222222222222222222222222222222222222222222222222222222222222222222222222222222222222222222222222222222222222222222222222222222222222222222222222222222222222222
0110222121221222221222222221212222221222222222222212011111111111111022112111211122111222121112211212112122212121122111121122112211120111111111111111111111111111111111111111111111111111111111111110
1111222121221222221222222221212222221222222222222212111111111111111122112111211122111222121112211212112122212121122111121122112211121011111101111111111111111111111111111111111111111111111011111101
1111222121221222221222222221212222221222222222222212111111111111111122112111211122111222121112211212112122212121122111121122112211121101111111111111011111111111111111111111111111101111111111111011
1111222121221222221222222221212222221222222222222212111111111111111122112111211122111222121112211212112122212121122111121122112211121110111111111111111111110111111111111110111111111111111111110111
1111222121221222221222222221212222221222222222222212111111111111111122112111211122111222121112211212112122212121122111121122112211121111011111111111111111111111111001111111111111111111111111101111
1111222121221222221222222221212222221222222222222212111111111111111122112111211122111222121112211212112122212121122111121122112211121111101111111111111111101111111111111111011111111111111111011111
1111222121221222221222222221212222221222222222222212111111111111111122112111211122111222121112211212112122212121122111121122112211121111110111111110111111111111111111111111111111110111111110111111
1111222121221222221222222221212222221222222222222212111111111111111122112111211122111222121112211212112122212121122111121122112211121111111011111111111111111111111111111111111111111111111101111111
1111222121221222221222222221212222221222222222222212111111111111111122112111211122111222121112211212112122212121122111121122112211121011111101111111111111111111111111111111111111111111111011111101
1001222020220222220222222220202222220222222222222202111110111101111122112111211122111222121112211212112122212121122111121122112211121111111110111111110111111110111111110111111110111111110111111111
1111222121221222221222222221212222221222222222222212111111111111111122112111211122111222121112211212112122212121122111121122112211121111111111011111101111111111111111111111111111011111101111111111
1111222121221222221222222221212222221222222222222212111111111111111122112111211122111222121112211212112122212121122111121122112211121111111111101111111111111011111111111101111111111111011111111111
1111222121221222221222222221212222221222222222222212111111111111111122112111211122111222121112211212112122212121122111121122112211121111111111110111111111111111110110111111111111111110111111111111
1111222121221222221222222221212222221222222222222212111111111111111122112111211122111222121112211212112122212121122111121122112211121111111111111011111111011111111111111111101111111101111111111111
1111222121221222221222222221212222221222222222222212111111111111111122112111211122111222121112211212112122212121122111121122112211121111111111111101111111111111111111111111111111111011111111111111
1111222121221222221222222221212222221222222222222212111111111111111122112111211122111222121112211212112122212121122111121122112211121111110111111110111111111111111111111111111111110111111110111111
1111222121221222221222222221212222221222222222222212111111111111111122112111211122111222121112211212112122212121122111121122112211121101111111111111011111111111111111111111111111101111111111111011
1111222121221222221222222221212222221222222222222212111111111111111122112111211122111222121112211212112122212121122111121122112211121111111111011111101111111111111111111111111111011111101111111111
1001222020220222220222222220202222220222222222222202111110111101111122112111211122111222121112211212112122212121122111121122112211121111111110111111110111111110111111110111111110111111110111111111
1111222121221222221222222221212222221222222222222212111111111111111122112111211122111222121112211212112122212121122111121122112211121111111111111111111011111101111111111011111101111111111111111111
1111222121221222221222222221212222221222222222222212111111111111111122112111211122111222121112211212112122212121122111121122112211121111111111111111111101111111101111011111111011111111111111111111
1111222121221222221222222221212222221222222222222212111111111111111122112111211122111222121112211212112122212121122111121122112211121111111111111111111110111111111111111111110111111111111111111111
1111222121221222221222222221212222221222222222222212111111111111111122112111211122111222121112211212112122212121122111121122112211121111111111111011111111011111111111111111101111111101111111111111
1111222121221222221222222221212222221222222222222212111111111111111122112111211122111222121112211212112122212121122111121122112211121111101111111111111111101111111111111111011111111111111111011111
1111222121221222221222222221212222221222222222222212111111111111111122112111211122111222121112211212112122212121122111121122112211121110111111111111111111110111111111111110111111111111111111110111
1111222121221222221222222221212222221222222222222212111111111111111122112111211122111222121112211212112122212121122111121122112211121111111111101111111111111011111111111101111111111111011111111111
1111222121221222221222222221212222221222222222222212111111111111111122112111211122111222121112211212112122212121122111121122112211121111111111111111111011111101111111111011111101111111111111111111
1001222020220222220222222220202222220222222222222202111110111101111122112111211122111222121112211212112122212121122111121122112211121111111110111111110111111110111111110111111110111111110111111111
1111222121221222221222222221212222221222222222222212111111111111111122112111211122111222121112211212112122212121122111121122112211121111111111111111111111111111011111101111111111111111111111111111
1111222121221222221222222221212222221222222222222212111111111111111122112111211122111222121112211212112122212121122111121122112211121111111111111111111101111111101111011111111011111111111111111111
1111222121221222221222222221212222221222222222222212111111111111111122112111211122111222121112211212112122212121122111121122112211121111111111110111111111111111110110111111111111111110111111111111
1111222121221222221222222221212222221222222222222212111111111111111122112111211122111222121112211212112122212121122111121122112211121111011111111111111111111111111001111111111111111111111111101111
1111222121221222221222222221212222221222222222222212111111111111111122112111211122111222121112211212112122212121122111121122112211121111011111111111111111111111111001111111111111111111111111101111
1111222121221222221222222221212222221222222222222212111111111111111122112111211122111222121112211212112122212121122111121122112211121111111111110111111111111111110110111111111111111110111111111111
1111222121221222221222222221212222221222222222222212111111111111111122112111211122111222121112211212112122212121122111121122112211121111111111111111111101111111101111011111111011111111111111111111
1111222121221222221222222221212222221222222222222212111111111111111122112111211122111222121112211212112122212121122111121122112211121111111111111111111111111111011111101111111111111111111111111111
1001222020220222220222222220202222220222222222222202111110111101111122112111211122111222121112211212112122212121122111121122112211121111111110111111110111111110111111110111111110111111110111111111
1111222121221222221222222221212222221222222222222212111111111111111122112111211122111222121112211212112122212121122111121122112211121111111111111111111011111101111111111011111101111111111111111111
1111222121221222221222222221212222221222222222222212111111111111111122112111211122111222121112211212112122212121122111121122112211121111111111101111111111111011111111111101111111111111011111111111
1111222121221222221222222221212222221222222222222212111111111111111122112111211122111222121112211212112122212121122111121122112211121110111111111111111111110111111111111110111111111111111111110111
1111222121221222221222222221212222221222222222222212111111111111111122112111211122111222121112211212112122212121122111121122112211121111101111111111111111101111111111111111011111111111111111011111
1111222121221222221222222221212222221222222222222212111111111111111122112111211122111222121112211212112122212121122111121122112211121111111111111011111111011111111111111111101111111101111111111111
1111222121221222221222222221212222221222222222222212111111111111111122112111211122111222121112211212112122212121122111121122112211121111111111111111111110111111111111111111110111111111111111111111
1111222121221222221222222221212222221222222222222212111111111111111122112111211122111222121112211212112122212121122111121122112211121111111111111111111101111111101111011111111011111111111111111111
1111222121221222221222222221212222221222222222222212111111111111111122112111211122111222121112211212112122212121122111121122112211121111111111111111111011111101111111111011111101111111111111111111
1001222020220222220222222220202222220222222222222202111110111101111122112111211122111222121112211212112122212121122111121122112211121111111110111111110111111110111111110111111110111111110111111111
1111222121221222221222222221212222221222222222222212111111111111111122112111211122111222121112211212112122212121122111121122112211121111111111011111101111111111111111111111111111011111101111111111
1111222121221222221222222221212222221222222222222212111111111111111122112111211122111222121112211212112122212121122111121122112211121101111111111111011111111111111111111111111111101111111111111011
1111222121221222221222222221212222221222222222222212111111111111111122112111211122111222121112211212112122212121122111121122112211121111110111111110111111111111111111111111111111110111111110111111
1111222121221222221222222221212222221222222222222212111111111111111122112111211122111222121112211212112122212121122111121122112211121111111111111101111111111111111111111111111111111011111111111111
1111222121221222221222222221212222221222222222222212111111111111111122112111211122111222121112211212112122212121122111121122112211121111111111111011111111011111111111111111101111111101111111111111
1111222121221222221222222221212222221222222222222212111111111111111122112111211122111222121112211212112122212121122111121122112211121111111111110111111111111111110110111111111111111110111111111111
1111222121221222221222222221212222221222222222222212111111111111111122112111211122111222121112211212112122212121122111121122112211121111111111101111111111111011111111111101111111111111011111111111
1111222121221222221222222221212222221222222222222212111111111111111122112111211122111222121112211212112122212121122111121122112211121111111111011111101111111111111111111111111111011111101111111111
1001222020220222220222222220202222220222222222222202111110111101111122112111211122111222121112211212112122212121122111121122112211121111111110111111110111111110111111110111111110111111110111111111
1111222121221222221222222221212222221222222222222212111111111111111122112111211122111222121112211212112122212121122111121122112211121011111101111111111111111111111111111111111111111111111011111101
1111222121221222221222222221212222221222222222222212111111111111111122112111211122111222121112211212112122212121122111121122112211121111111011111111111111111111111111111111111111111111111101111111
1111222121221222221222222221212222221222222222222212111111111111111122112111211122111222121112211212112122212121122111121122112211121111110111111110111111111111111111111111111111110111111110111111
1111222121221222221222222221212222221222222222222212111111111111111122112111211122111222121112211212112122212121122111121122112211121111101111111111111111101111111111111111011111111111111111011111
1111222121221222221222222221212222221222222222222212111111111111111122112111211122111222121112211212112122212121122111121122112211121111011111111111111111111111111001111111111111111111111111101111
1111222121221222221222222221212222221222222222222212111111111111111122112111211122111222121112211212112122212121122111121122112211121110111111111111111111110111111111111110111111111111111111110111
1111222121221222221222222221212222221222222222222212111111111111111122112111211122111222121112211212112122212121122111121122112211121101111111111111011111111111111111111111111111101111111111111011
1111222121221222221222222221212222221222222222222212111111111111111122112111211122111222121112211212112122212121122111121122112211121011111101111111111111111111111111111111111111111111111011111101
0110222121221222221222222221212222221222222222222212011111111111111022112111211122111222121112211212112122212121122111121122112211120111111111111111111111111111111111111111111111111111111111111110
